1 19 0.78786543652621
1 40 1.25585757787791
1 49 1.63450246909297
1 39 1.71576087509287
1 21 1.92012985043004
1 3 1.92269759576547
1 20 2.08881464705973
1 44 2.34343067420593
1 16 2.55737609076894
1 37 2.63866849761003
2 5 1.1925776629114
2 50 1.51849019775774
2 46 2.03986317257574
2 42 2.21697715361862
2 14 2.29890507260967
2 6 2.66356405124816
2 36 2.729818900382
2 41 3.0191496137121
2 48 3.03943595551723
2 32 3.14230982577094
3 21 1.15786347025354
3 49 1.19922354266786
3 1 1.92269759576547
3 45 2.11564837461751
3 19 2.35354902614327
3 40 2.50274171320506
3 39 3.06872336927841
3 20 3.45176370473235
3 44 3.46340345611047
3 37 3.88988319118205
4 24 0.686016299792261
4 27 0.717639152475379
4 43 1.12626882157635
4 22 1.15206692169281
4 26 1.54172247949094
4 28 1.5599967618194
4 34 1.65407917203181
4 33 1.66570425793066
4 25 1.68672786343791
4 30 2.0239629228492
5 2 1.1925776629114
5 50 1.1935552033675
5 41 1.93998779541736
5 6 2.21938844168354
5 46 2.27208455180817
5 42 2.28004422524042
5 14 2.47446297297701
5 48 3.05078593510404
5 25 3.17018053794056
5 32 3.17143675430378
6 42 1.08714644536475
6 25 1.22688060873595
6 48 1.23572729017475
6 32 1.33915483968799
6 46 1.34750052439741
6 10 1.43376780693538
6 35 1.64471832570463
6 41 1.80671305768263
6 47 1.85714433922578
6 28 1.88657164055401
7 29 0.544106054753785
7 11 0.801046143014991
7 31 0.937464185396878
7 34 1.22591428656522
7 23 1.5122437140116
7 43 1.52484778869014
7 20 1.81078455906002
7 22 2.09015365723589
7 26 2.18831335839165
7 30 2.26939006265871
8 30 1.60266386993936
8 11 1.93788007333374
8 23 2.15580464233132
8 38 2.23563980464583
8 16 2.32459899799967
8 22 2.36430532382665
8 7 2.49474165867741
8 28 2.52346158468436
8 17 2.65114540569642
8 26 2.65988341335888
9 37 0.318858983232275
9 39 1.30499295468257
9 20 1.43514788979224
9 19 2.42803476594495
9 7 2.47669143809505
9 31 2.52571043297772
9 1 2.78207587257968
9 11 2.78948762273473
9 23 2.79903229887631
9 29 2.83846139973462
10 47 0.827226381895729
10 32 0.915462470516806
10 48 1.16797745539929
10 42 1.19896835374424
10 6 1.43376780693538
10 25 1.67423424290925
10 46 1.67787877622856
10 14 1.8965245099765
10 28 1.95421033894209
10 30 2.27950925833739
11 7 0.801046143014991
11 29 1.20900887764688
11 31 1.58246194203234
11 34 1.6616929366237
11 26 1.71060079736185
11 23 1.7944626169823
11 22 1.81537668373078
11 30 1.83913822692198
11 43 1.89691433923694
11 8 1.93788007333374
12 13 1.30351909802095
12 2 4.5049563480878
12 50 4.85816506468547
12 5 5.26253137270754
12 46 6.33013303590556
12 14 6.34036579116958
12 36 6.3664796266857
12 42 6.61875211618485
12 6 7.14921432083895
12 41 7.16305301504881
13 12 1.30351909802095
13 2 4.02262943426997
13 50 4.52702206938397
13 5 4.97362682540489
13 14 5.56378104652216
13 36 5.66152112504004
13 46 5.68412830144543
13 42 5.9531490569633
13 18 6.54382716802634
13 6 6.64105792935541
14 42 1.53510865951937
14 18 1.54769012626744
14 10 1.8965245099765
14 46 1.941564115673
14 6 2.24752229125614
14 47 2.28587249968738
14 32 2.29670823958073
14 2 2.29890507260967
14 48 2.43568640348058
14 50 2.43992892883542
15 45 2.22971407370242
15 21 4.10880593801052
15 3 4.33386336381111
15 49 4.35368165266692
15 1 5.94638391535862
15 19 5.96764797212745
15 39 6.49316499541577
15 37 6.78001220933934
15 40 6.786465475859
15 9 6.83027788338678
16 23 2.03253138108893
16 8 2.32459899799967
16 40 2.42205054659334
16 19 2.4818835092964
16 1 2.55737609076894
16 39 2.83335484165868
16 20 2.85178432650121
16 31 2.86285149914023
16 44 2.90033880294104
16 11 3.11706726617716
17 30 1.56487151395989
17 22 1.6625241622219
17 27 1.90274851533616
17 4 2.19278843251471
17 28 2.25654048351298
17 43 2.26027933360272
17 35 2.33508320621707
17 29 2.40088834689448
17 23 2.53003686320794
17 25 2.53425373525754
18 14 1.54769012626744
18 47 2.51900135565426
18 10 2.64345991143412
18 42 2.78451871657836
18 50 2.8910614730958
18 6 3.05088156144864
18 41 3.1807008000089
18 25 3.21649571087518
18 5 3.24159658888923
18 46 3.302167565908
19 1 0.78786543652621
19 49 1.66818891166389
19 39 1.69849348487163
19 40 1.95089686206008
19 21 2.03623364001557
19 20 2.15865469092917
19 3 2.35354902614327
19 37 2.37037457056063
19 9 2.42803476594495
19 16 2.4818835092964
20 39 0.537574725472724
20 37 1.14772000962382
20 31 1.36393812573138
20 9 1.43514788979224
20 23 1.67578768928726
20 7 1.81078455906002
20 44 1.85757903385924
20 29 1.94651411615906
20 1 2.08881464705973
20 19 2.15865469092917
21 49 0.450243638870824
21 3 1.15786347025354
21 1 1.92012985043004
21 45 2.00700376626092
21 19 2.03623364001557
21 39 2.51283805684453
21 40 2.84696533158957
21 20 2.96675052492554
21 37 3.09807104396968
21 9 3.21739211312172
22 27 0.587215369117434
22 28 0.79728089531409
22 30 0.881700072056536
22 26 1.14364794664079
22 4 1.15206692169281
22 25 1.30541143141357
22 43 1.60959069426609
22 17 1.6625241622219
22 33 1.71921322565224
22 24 1.77098875484559
23 31 0.90767572390515
23 44 1.42252770096099
23 29 1.50140875844376
23 7 1.5122437140116
23 20 1.67578768928726
23 11 1.7944626169823
23 39 2.02953972719666
23 16 2.03253138108893
23 40 2.11345044123912
23 8 2.15580464233132
24 4 0.686016299792261
24 27 1.31507380334969
24 43 1.35456267238284
24 33 1.6335969481242
24 34 1.66796690014253
24 22 1.77098875484559
24 26 1.79592041057271
24 28 2.03384870758515
24 25 2.0657699722193
24 29 2.41176944230756
25 28 0.694426911217533
25 27 1.09621621798059
25 6 1.22688060873595
25 22 1.30541143141357
25 26 1.42611192359996
25 47 1.5163430284081
25 10 1.67423424290925
25 4 1.68672786343791
25 30 1.70413986209366
25 33 1.91651649542476
26 33 0.722717553191154
26 28 0.946035556714674
26 22 1.14364794664079
26 27 1.22209043548404
26 25 1.42611192359996
26 4 1.54172247949094
26 30 1.62818838010145
26 11 1.71060079736185
26 24 1.79592041057271
26 43 1.99348091610342
27 22 0.587215369117434
27 4 0.717639152475379
27 28 0.894485955348983
27 25 1.09621621798059
27 26 1.22209043548404
27 24 1.31507380334969
27 30 1.42577187665327
27 43 1.57001612567071
27 33 1.63995095562381
27 17 1.90274851533616
28 25 0.694426911217533
28 22 0.79728089531409
28 27 0.894485955348983
28 26 0.946035556714674
28 30 1.13482232273183
28 47 1.53798226333727
28 4 1.5599967618194
28 33 1.60025849124875
28 6 1.88657164055401
28 10 1.95421033894209
29 7 0.544106054753785
29 31 0.787381113683964
29 34 1.07368707938156
29 43 1.14671772049718
29 11 1.20900887764688
29 23 1.50140875844376
29 20 1.94651411615906
29 22 1.96273754107989
29 4 2.09342540419122
29 44 2.14614414525807
30 22 0.881700072056536
30 28 1.13482232273183
30 27 1.42577187665327
30 17 1.56487151395989
30 8 1.60266386993936
30 26 1.62818838010145
30 25 1.70413986209366
30 47 1.82630022599566
30 11 1.83913822692198
30 4 2.0239629228492
31 29 0.787381113683964
31 23 0.90767572390515
31 7 0.937464185396878
31 20 1.36393812573138
31 44 1.47135168251614
31 11 1.58246194203234
31 34 1.79449163686992
31 43 1.85917828681334
31 39 1.86933773027517
31 37 2.27569479441826
32 48 0.30728667537714
32 10 0.915462470516806
32 42 0.993512410595908
32 46 1.14929560743312
32 6 1.33915483968799
32 47 1.66931774915358
32 36 1.7794373832686
32 35 1.9439397151446
32 25 1.96401535755421
32 14 2.29670823958073
33 26 0.722717553191154
33 28 1.60025849124875
33 24 1.6335969481242
33 27 1.63995095562381
33 4 1.66570425793066
33 22 1.71921322565224
33 34 1.85523309502926
33 25 1.91651649542476
33 11 1.94541371690575
33 43 2.02342666129781
34 43 0.78526456060397
34 29 1.07368707938156
34 7 1.22591428656522
34 4 1.65407917203181
34 11 1.6616929366237
34 24 1.66796690014253
34 31 1.79449163686992
34 33 1.85523309502926
34 26 2.02452338574721
34 22 2.04067046279714
35 6 1.64471832570463
35 48 1.68579553784009
35 32 1.9439397151446
35 25 2.00571767282741
35 27 2.00839434870457
35 46 2.17425124049174
35 4 2.19027992771925
35 42 2.30077870644783
35 17 2.33508320621707
35 22 2.37225894928175
36 46 1.30808034605289
36 48 1.63502895522121
36 32 1.7794373832686
36 42 1.81572235136466
36 6 2.48859145058461
36 35 2.55561578596432
36 10 2.5820906818262
36 2 2.729818900382
36 14 2.98497714898172
36 5 3.2831339358446
37 9 0.318858983232275
37 39 1.05740091453122
37 20 1.14772000962382
37 31 2.27569479441826
37 7 2.29574874101905
37 19 2.37037457056063
37 23 2.59647118460334
37 29 2.6166159553562
37 1 2.63866849761003
37 11 2.68625760484951
38 8 2.23563980464583
38 11 2.67282128803565
38 26 3.07668572324969
38 30 3.15430843994553
38 33 3.38141933479397
38 28 3.3879240443239
38 47 3.39150317122806
38 7 3.42007110024909
38 16 3.54877347795115
38 22 3.5931341803522
39 20 0.537574725472724
39 37 1.05740091453122
39 9 1.30499295468257
39 19 1.69849348487163
39 1 1.71576087509287
39 31 1.86933773027517
39 23 2.02953972719666
39 44 2.11497227275842
39 40 2.15396220828109
39 7 2.31494304214255
40 1 1.25585757787791
40 44 1.43491230538424
40 19 1.95089686206008
40 23 2.11345044123912
40 39 2.15396220828109
40 20 2.24159777966317
40 16 2.42205054659334
40 3 2.50274171320506
40 31 2.5273115865182
40 49 2.68270059641421
41 6 1.80671305768263
41 25 1.93027337443463
41 5 1.93998779541736
41 28 2.48183035176029
41 24 2.56025656965345
41 27 2.57559417064637
41 33 2.58299186566087
41 42 2.62499425927937
41 26 2.62523078319469
41 50 2.62806512883534
42 46 0.585452971354833
42 32 0.993512410595908
42 48 1.00017816911034
42 6 1.08714644536475
42 10 1.19896835374424
42 14 1.53510865951937
42 36 1.81572235136466
42 47 1.93859490829558
42 25 2.11335651302972
42 2 2.21697715361862
43 34 0.78526456060397
43 4 1.12626882157635
43 29 1.14671772049718
43 24 1.35456267238284
43 7 1.52484778869014
43 27 1.57001612567071
43 22 1.60959069426609
43 31 1.85917828681334
43 11 1.89691433923694
43 26 1.99348091610342
44 23 1.42252770096099
44 40 1.43491230538424
44 31 1.47135168251614
44 20 1.85757903385924
44 39 2.11497227275842
44 29 2.14614414525807
44 1 2.34343067420593
44 7 2.40741769035769
44 16 2.90033880294104
44 19 2.90113215586832
45 21 2.00700376626092
45 3 2.11564837461751
45 15 2.22971407370242
45 49 2.23253668335406
45 1 3.75599178089483
45 19 3.8650062340292
45 39 4.5055929384986
45 40 4.57117785517908
45 20 4.94504379750145
45 37 4.98801127306306
46 42 0.585452971354833
46 48 1.03102211454705
46 32 1.14929560743312
46 36 1.30808034605289
46 6 1.34750052439741
46 10 1.67787877622856
46 14 1.941564115673
46 2 2.03986317257574
46 35 2.17425124049174
46 5 2.27208455180817
47 10 0.827226381895729
47 25 1.5163430284081
47 28 1.53798226333727
47 32 1.66931774915358
47 30 1.82630022599566
47 6 1.85714433922578
47 48 1.89676438798089
47 42 1.93859490829558
47 22 2.15333261505053
47 26 2.28361834045125
48 32 0.30728667537714
48 42 1.00017816911034
48 46 1.03102211454705
48 10 1.16797745539929
48 6 1.23572729017475
48 36 1.63502895522121
48 35 1.68579553784009
48 47 1.89676438798089
48 25 1.96595581383141
48 28 2.39371646765983
49 21 0.450243638870824
49 3 1.19922354266786
49 1 1.63450246909297
49 19 1.66818891166389
49 45 2.23253668335406
49 39 2.41968449098102
49 40 2.68270059641421
49 20 2.90524983185996
49 37 3.02583744638281
49 9 3.12273240729799
50 5 1.1935552033675
50 2 1.51849019775774
50 14 2.43992892883542
50 41 2.62806512883534
50 18 2.8910614730958
50 42 2.93559251242133
50 46 3.03584636120886
50 6 3.0904707098741
50 10 3.79344804379449
50 48 3.86526053001889
